{"camera_angle_x": 1.0471975511965976, "frames": [{"file_path": "./train/r_0", "transform_matrix": [[-0.9904074668884277, -0.05331563949584961, 0.12747277319431305, -0.5708603262901306], [-0.0571875236928463, 0.9980012774467468, -0.026907602325081825, 0.8044341206550598], [-0.12578266859054565, -0.0339394137263298, -0.9914774298667908, 3.901153087615967], [0.0, 0.0, 0.0, 1.0]]}, {"file_path": "./train/r_1", "transform_matrix": [[-0.9862385392189026, -0.1055050864815712, 0.12728643417358398, -0.614145815372467], [-0.10896296799182892, 0.9938349723815918, -0.020499706268310547, 0.7752185463905334], [-0.12433785200119019, -0.034087084233760834, -0.9916545152664185, 3.900951385498047], [0.0, 0.0, 0.0, 1.0]]}, {"file_path": "./train/r_2", "transform_matrix": [[-0.9790340065956116, -0.15801547467708588, 0.12854164838790894, -0.6630374789237976], [-0.16091419756412506, 0.9868900775909424, -0.012421024963259697, 0.7379498481750488], [-0.12489310652017593, -0.032844871282577515, -0.9916266798973083, 3.900513172149658], [0.0, 0.0, 0.0, 1.0]]}, {"file_path": "./train/r_3", "transform_matrix": [[-0.9574073553085327, -0.2597763240337372, 0.12604214251041412, -0.7412077188491821], [-0.26175233721733093, 0.9651345014572144, 0.0009110160171985626, 0.6664859652519226], [-0.121883824467659, -0.03211982548236847, -0.9920247793197632, 3.8997488021850586], [0.0, 0.0, 0.0, 1.0]]}, {"file_path": "./train/r_4", "transform_matrix": [[-0.9426090121269226, -0.3102836608886719, 0.12333296239376068, -0.7743619680404663], [-0.3116385042667389, 0.9501616358757019, 0.008646409958600998, 0.623527467250824], [-0.11986817419528961, -0.03028513304889202, -0.9923280477523804, 3.9000279903411865], [0.0, 0.0, 0.0, 1.0]]}, {"file_path": "./train/r_5", "transform_matrix": [[-0.9247789978981018, -0.359820693731308, 0.12374313175678253, -0.8174921274185181], [-0.36087608337402344, 0.9324999451637268, 0.014569133520126343, 0.5842176079750061], [-0.12063224613666534, -0.031182806938886642, -0.9922077059745789, 3.8976449966430664], [0.0, 0.0, 0.0, 1.0]]}, {"file_path": "./train/r_6", "transform_matrix": [[-0.9047794938087463, -0.40807557106018066, 0.12184814363718033, -0.849657416343689], [-0.40857580304145813, 0.9124588370323181, 0.0220048725605011, 0.5373494625091553], [-0.12016031891107559, -0.029874691739678383, -0.9923051595687866, 3.8994762897491455], [0.0, 0.0, 0.0, 1.0]]}, {"file_path": "./train/r_7", "transform_matrix": [[-0.8821024298667908, -0.4560401737689972, 0.11799141019582748, -0.8749467134475708], [-0.45606866478919983, 0.8894931674003601, 0.028347475454211235, 0.49293845891952515], [-0.11787906289100647, -0.028806686401367188, -0.9926102757453918, 3.9004952907562256], [0.0, 0.0, 0.0, 1.0]]}, {"file_path": "./train/r_8", "transform_matrix": [[-0.8574928045272827, -0.5013558268547058, 0.11553394794464111, -0.9049211740493774], [-0.501071035861969, 0.8647528886795044, 0.03362032771110535, 0.45015788078308105], [-0.11676330119371414, -0.029061656445264816, -0.9927347898483276, 3.899415969848633], [0.0, 0.0, 0.0, 1.0]]}, {"file_path": "./train/r_9", "transform_matrix": [[-0.8299006223678589, -0.5465974807739258, 0.11178620159626007, -0.9286208152770996], [-0.5459102988243103, 0.8369166254997253, 0.03940349817276001, 0.40345287322998047], [-0.11509262770414352, -0.028324324637651443, -0.9929511547088623, 3.9001684188842773], [0.0, 0.0, 0.0, 1.0]]}, {"file_path": "./train/r_10", "transform_matrix": [[-0.8004965782165527, -0.5896122455596924, 0.1075243279337883, -0.9482126235961914], [-0.5884495973587036, 0.8072437047958374, 0.04565465822815895, 0.3536403775215149], [-0.11371619999408722, -0.026726312935352325, -0.9931540489196777, 3.9012765884399414], [0.0, 0.0, 0.0, 1.0]]}, {"file_path": "./train/r_11", "transform_matrix": [[-0.7686642408370972, -0.6314226984977722, 0.10227617621421814, -0.9634193181991577], [-0.6299747824668884, 0.7750031352043152, 0.05001366138458252, 0.30814772844314575], [-0.11084289848804474, -0.025987528264522552, -0.9934984445571899, 3.9042160511016846], [0.0, 0.0, 0.0, 1.0]]}, {"file_path": "./train/r_12", "transform_matrix": [[-0.7349504232406616, -0.6709330081939697, 0.09847235679626465, -0.9810806512832642], [-0.6690517663955688, 0.7411050200462341, 0.05596867576241493, 0.2558017373085022], [-0.11052893102169037, -0.02474913001060486, -0.9935649633407593, 3.905043363571167], [0.0, 0.0, 0.0, 1.0]]}, {"file_path": "./train/r_13", "transform_matrix": [[-0.6603238582611084, -0.7459163069725037, 0.08707311749458313, -1.0007017850875854], [-0.7432280778884888, 0.6657172441482544, 0.06657754629850388, 0.14781594276428223], [-0.10762621462345123, -0.020752176642417908, -0.9939751625061035, 3.913642644882202], [0.0, 0.0, 0.0, 1.0]]}, {"file_path": "./train/r_14", "transform_matrix": [[-0.6199911832809448, -0.780377209186554, 0.08136938512325287, -1.0081919431686401], [-0.7774271368980408, 0.625004231929779, 0.07054849714040756, 0.09670892357826233], [-0.10591010004281998, -0.019519560039043427, -0.9941843748092651, 3.9176487922668457], [0.0, 0.0, 0.0, 1.0]]}, {"file_path": "./train/r_15", "transform_matrix": [[-0.5349745750427246, -0.8417387008666992, 0.0726417750120163, -1.0238490104675293], [-0.8382624387741089, 0.5395569205284119, 0.07869283854961395, -0.009180396795272827], [-0.1054324358701706, -0.018794354051351547, -0.994249165058136, 3.920924186706543], [0.0, 0.0, 0.0, 1.0]]}, {"file_path": "./train/r_16", "transform_matrix": [[-0.48970821499824524, -0.8694606423377991, 0.06499537825584412, -1.0185856819152832], [-0.8655520677566528, 0.49376699328422546, 0.08374634385108948, -0.06924295425415039], [-0.10490584373474121, -0.015245482325553894, -0.9943655729293823, 3.9256601333618164], [0.0, 0.0, 0.0, 1.0]]}, {"file_path": "./train/r_17", "transform_matrix": [[-0.4436717629432678, -0.894261360168457, 0.058752309530973434, -1.0139942169189453], [-0.8902140855789185, 0.4473230540752411, 0.08613812178373337, -0.11909815669059753], [-0.10331031680107117, -0.01408487930893898, -0.9945497512817383, 3.9287734031677246], [0.0, 0.0, 0.0, 1.0]]}, {"file_path": "./train/r_18", "transform_matrix": [[-0.3955764174461365, -0.9169611930847168, 0.051984213292598724, -1.0071089267730713], [-0.9126095175743103, 0.39880192279815674, 0.08999788016080856, -0.17703011631965637], [-0.10325548052787781, -0.011840250343084335, -0.9945846796035767, 3.9340200424194336], [0.0, 0.0, 0.0, 1.0]]}, {"file_path": "./train/r_19", "transform_matrix": [[-0.2968091666698456, -0.9540655612945557, 0.040784746408462524, -0.9934512972831726], [-0.9491920471191406, 0.2994323968887329, 0.09681835770606995, -0.28980696201324463], [-0.10458245128393173, -0.00997605174779892, -0.9944664835929871, 3.9391751289367676], [0.0, 0.0, 0.0, 1.0]]}, {"file_path": "./train/r_20", "transform_matrix": [[-0.24689356982707977, -0.9684962630271912, 0.03254922479391098, -0.9741536378860474], [-0.9635870456695557, 0.24892523884773254, 0.0976518839597702, -0.3385360836982727], [-0.10267647355794907, -0.007254425436258316, -0.9946886897087097, 3.9458558559417725], [0.0, 0.0, 0.0, 1.0]]}, {"file_path": "./train/r_21", "transform_matrix": [[-0.19567272067070007, -0.9801994562149048, 0.030350275337696075, -0.9749212861061096], [-0.9751086235046387, 0.19776101410388947, 0.10026410222053528, -0.39251744747161865], [-0.10427997261285782, -0.009975943714380264, -0.9944982528686523, 3.940284252166748], [0.0, 0.0, 0.0, 1.0]]}, {"file_path": "./train/r_22", "transform_matrix": [[-0.14375637471675873, -0.9893792271614075, 0.021507930010557175, -0.9485158324241638], [-0.9841273427009583, 0.14521123468875885, 0.10201163589954376, -0.44614091515541077], [-0.10405069589614868, -0.0065017081797122955, -0.9945510029792786, 3.951601982116699], [0.0, 0.0, 0.0, 1.0]]}, {"file_path": "./train/r_23", "transform_matrix": [[-0.09067079424858093, -0.9958047866821289, 0.012331977486610413, -0.917137622833252], [-0.9906602501869202, 0.09145493060350418, 0.10113248229026794, -0.49017858505249023], [-0.10183469206094742, -0.003047008067369461, -0.9947969913482666, 3.957643747329712], [0.0, 0.0, 0.0, 1.0]]}, {"file_path": "./train/r_24", "transform_matrix": [[-0.03818212449550629, -0.9992461204528809, 0.007026314735412598, -0.8979814052581787], [-0.9941228032112122, 0.03869733586907387, 0.10109969973564148, -0.5335444211959839], [-0.1012946367263794, -0.0031248293817043304, -0.99485182762146, 3.9539601802825928], [0.0, 0.0, 0.0, 1.0]]}, {"file_path": "./train/r_25", "transform_matrix": [[0.06711442023515701, -0.9977184534072876, -0.007265906780958176, -0.8400818109512329], [-0.9922950863838196, -0.06750618666410446, 0.10388492047786713, -0.63735431432724], [-0.10413779318332672, 0.00023765861988067627, -0.9945631623268127, 3.9551243782043457], [0.0, 0.0, 0.0, 1.0]]}, {"file_path": "./train/r_26", "transform_matrix": [[0.11934255808591843, -0.9927282929420471, -0.0157795287668705, -0.8022106885910034], [-0.9875198006629944, -0.12033198028802872, 0.10160890221595764, -0.6747633218765259], [-0.10276779532432556, 0.003456275910139084, -0.9946996569633484, 3.9623475074768066], [0.0, 0.0, 0.0, 1.0]]}, {"file_path": "./train/r_27", "transform_matrix": [[0.1711321920156479, -0.9850372672080994, -0.020372144877910614, -0.7770171165466309], [-0.9798058271408081, -0.17232084274291992, 0.10141706466674805, -0.720160186290741], [-0.10340950638055801, 0.0026049166917800903, -0.9946357607841492, 3.9648118019104004], [0.0, 0.0, 0.0, 1.0]]}, {"file_path": "./train/r_28", "transform_matrix": [[0.2220684289932251, -0.9746140837669373, -0.02850167267024517, -0.7360081672668457], [-0.9696054458618164, -0.22381827235221863, 0.09884407371282578, -0.7544893622398376], [-0.1027134582400322, 0.005685135722160339, -0.9946950674057007, 3.968904972076416], [0.0, 0.0, 0.0, 1.0]]}, {"file_path": "./train/r_29", "transform_matrix": [[0.27374985814094543, -0.9610389471054077, -0.03827176243066788, -0.6860424280166626], [-0.956047773361206, -0.2762431502342224, 0.09829355776309967, -0.7976441979408264], [-0.10503579676151276, 0.009681593626737595, -0.9944216012954712, 3.9722394943237305], [0.0, 0.0, 0.0, 1.0]]}, {"file_path": "./train/r_30", "transform_matrix": [[0.32338985800743103, -0.9452176690101624, -0.044531989842653275, -0.648611307144165], [-0.9404416680335999, -0.32625627517700195, 0.09552495926618576, -0.8304622173309326], [-0.10481984913349152, 0.010987918823957443, -0.9944308400154114, 3.9751815795898438], [0.0, 0.0, 0.0, 1.0]]}, {"file_path": "./train/r_31", "transform_matrix": [[0.3730182945728302, -0.9262949824333191, -0.05324401706457138, -0.5975866913795471], [-0.9218605160713196, -0.37650513648986816, 0.09174136817455292, -0.8586493730545044], [-0.10502573847770691, 0.014862209558486938, -0.9943587183952332, 3.9762916564941406], [0.0, 0.0, 0.0, 1.0]]}, {"file_path": "./train/r_32", "transform_matrix": [[0.41997674107551575, -0.9055736660957336, -0.05962754786014557, -0.5550234317779541], [-0.9013858437538147, -0.42386481165885925, 0.08854727447032928, -0.8864251375198364], [-0.10545937716960907, 0.016559582203626633, -0.994286060333252, 3.976473569869995], [0.0, 0.0, 0.0, 1.0]]}, {"file_path": "./train/r_33", "transform_matrix": [[0.46696004271507263, -0.8817517161369324, -0.06680212914943695, -0.5054640769958496], [-0.8779337406158447, -0.4713183343410492, 0.08420658111572266, -0.9101338386535645], [-0.10573329031467438, 0.019326873123645782, -0.9942070245742798, 3.9780657291412354], [0.0, 0.0, 0.0, 1.0]]}, {"file_path": "./train/r_34", "transform_matrix": [[0.5994303822517395, -0.7954444885253906, -0.08916826546192169, -0.3417731821537018], [-0.7926830649375916, -0.6053941249847412, 0.07176575809717178, -0.9792786240577698], [-0.11106690764427185, 0.027663443237543106, -0.993428111076355, 3.98823881149292], [0.0, 0.0, 0.0, 1.0]]}, {"file_path": "./train/r_35", "transform_matrix": [[0.6399518251419067, -0.7624331116676331, -0.09569206088781357, -0.2881937623023987], [-0.7601351737976074, -0.6463603973388672, 0.06642613559961319, -0.9924296140670776], [-0.11249580979347229, 0.030229534953832626, -0.9931926131248474, 3.9864182472229004], [0.0, 0.0, 0.0, 1.0]]}, {"file_path": "./train/r_36", "transform_matrix": [[0.6785093545913696, -0.7273455262184143, -0.10292206704616547, -0.2280980944633484], [-0.7253521680831909, -0.6855190396308899, 0.06267281621694565, -1.0113139152526855], [-0.11613911390304565, 0.03213045373558998, -0.9927133917808533, 3.988215684890747], [0.0, 0.0, 0.0, 1.0]]}, {"file_path": "./train/r_37", "transform_matrix": [[0.7156568169593811, -0.6898570656776428, -0.10923999547958374, -0.17106515169143677], [-0.6883201599121094, -0.7231396436691284, 0.057317137718200684, -1.0219374895095825], [-0.11853564530611038, 0.03417249396443367, -0.992361843585968, 3.982886552810669], [0.0, 0.0, 0.0, 1.0]]}, {"file_path": "./train/r_38", "transform_matrix": [[0.7496766448020935, -0.6520112752914429, -0.11342950165271759, -0.12199941277503967], [-0.6509237885475159, -0.757392406463623, 0.051530271768569946, -1.0301601886749268], [-0.1195078045129776, 0.0352032296359539, -0.992209255695343, 3.9875125885009766], [0.0, 0.0, 0.0, 1.0]]}, {"file_path": "./train/r_39", "transform_matrix": [[0.7825204730033875, -0.6112957000732422, -0.1182354986667633, -0.06817147135734558], [-0.6106001138687134, -0.7905842065811157, 0.04628896713256836, -1.0371601581573486], [-0.12177086621522903, 0.035972319543361664, -0.9919064044952393, 3.985419750213623], [0.0, 0.0, 0.0, 1.0]]}, {"file_path": "./train/r_40", "transform_matrix": [[0.8409541845321655, -0.5261117219924927, -0.12650051712989807, 0.038036733865737915], [-0.5265901684761047, -0.8495029211044312, 0.0323699414730072, -1.0345395803451538], [-0.12449191510677338, 0.03939225897192955, -0.991438627243042, 3.99186635017395], [0.0, 0.0, 0.0, 1.0]]}, {"file_path": "./train/r_41", "transform_matrix": [[0.8666552305221558, -0.48227784037590027, -0.12773600220680237, 0.07931143045425415], [-0.48318251967430115, -0.8751369714736938, 0.025886118412017822, -1.032505750656128], [-0.12426992505788803, 0.039285559207201004, -0.9914707541465759, 3.9980530738830566], [0.0, 0.0, 0.0, 1.0]]}, {"file_path": "./train/r_42", "transform_matrix": [[0.8902559876441956, -0.4367193877696991, -0.12930403649806976, 0.12280523777008057], [-0.43812841176986694, -0.8987141847610474, 0.01886608451604843, -1.024827003479004], [-0.1244456022977829, 0.03985632210969925, -0.9914259314537048, 3.9994943141937256], [0.0, 0.0, 0.0, 1.0]]}, {"file_path": "./train/r_43", "transform_matrix": [[0.9115591049194336, -0.38967016339302063, -0.1312098503112793, 0.17166167497634888], [-0.3914153277873993, -0.9201186299324036, 0.013291560113430023, -1.025216817855835], [-0.12590740621089935, 0.03924154117703438, -0.9912658333778381, 4.009153842926025], [0.0, 0.0, 0.0, 1.0]]}, {"file_path": "./train/r_44", "transform_matrix": [[0.9466096758842468, -0.29315194487571716, -0.13413147628307343, 0.2679753005504608], [-0.295785129070282, -0.9552544951438904, 0.00030604004859924316, -1.0065869092941284], [-0.12821851670742035, 0.03938436135649681, -0.9909639358520508, 4.018894672393799], [0.0, 0.0, 0.0, 1.0]]}, {"file_path": "./train/r_45", "transform_matrix": [[0.9605207443237305, -0.2439114898443222, -0.13381585478782654, 0.3080994486808777], [-0.24693027138710022, -0.9690138101577759, -0.006197474896907806, -0.9937514066696167], [-0.12815645337104797, 0.03899600729346275, -0.9909873008728027, 4.022722244262695], [0.0, 0.0, 0.0, 1.0]]}, {"file_path": "./train/r_46", "transform_matrix": [[0.9802340269088745, -0.14281120896339417, -0.13691452145576477, 0.40827757120132446], [-0.14701080322265625, -0.9889113903045654, -0.021018296480178833, -0.9572994709014893], [-0.1323939710855484, 0.04073077440261841, -0.9903602600097656, 4.034877300262451], [0.0, 0.0, 0.0, 1.0]]}, {"file_path": "./train/r_47", "transform_matrix": [[0.9862959384918213, -0.09074429422616959, -0.13778750598430634, 0.45845040678977966], [-0.09537047892808914, -0.9950665235519409, -0.027339868247509003, -0.9378337264060974], [-0.1346254199743271, 0.040106095373630524, -0.9900848865509033, 4.033076286315918], [0.0, 0.0, 0.0, 1.0]]}, {"file_path": "./train/r_48", "transform_matrix": [[0.9896067976951599, -0.03902464732527733, -0.13839903473854065, 0.5051789879798889], [-0.044310376048088074, -0.9983932971954346, -0.035318344831466675, -0.9099823832511902], [-0.13679759204387665, 0.04108377546072006, -0.9897469878196716, 4.038084983825684], [0.0, 0.0, 0.0, 1.0]]}, {"file_path": "./train/r_49", "transform_matrix": [[0.9907860159873962, 0.011930844746530056, -0.1349072903394699, 0.5364856123924255], [0.006023827008903027, -0.9990086555480957, -0.04410990700125694, -0.8771087527275085], [-0.1352989226579666, 0.04289083555340767, -0.9898763298988342, 4.047172546386719], [0.0, 0.0, 0.0, 1.0]]}, {"file_path": "./train/r_50", "transform_matrix": [[0.9887829422950745, 0.06440891325473785, -0.13475334644317627, 0.5825257301330566], [0.05759042128920555, -0.9968845844268799, -0.05390404164791107, -0.8385657072067261], [-0.13780470192432404, 0.04553890600800514, -0.9894123077392578, 4.061574459075928], [0.0, 0.0, 0.0, 1.0]]}, {"file_path": "./train/r_51", "transform_matrix": [[0.9844965934753418, 0.11532288789749146, -0.13216149806976318, 0.6187655925750732], [0.10826483368873596, -0.9923450946807861, -0.059422869235277176, -0.8151000142097473], [-0.13800156116485596, 0.04419323056936264, -0.9894458055496216, 4.0703864097595215], [0.0, 0.0, 0.0, 1.0]]}, {"file_path": "./train/r_52", "transform_matrix": [[0.9771949648857117, 0.16655783355236053, -0.13171148300170898, 0.6622466444969177], [0.15920042991638184, -0.9851290583610535, -0.064619280397892, -0.7889180183410645], [-0.1405150294303894, 0.04217710718512535, -0.9891800284385681, 4.071526050567627], [0.0, 0.0, 0.0, 1.0]]}, {"file_path": "./train/r_53", "transform_matrix": [[0.9674344658851624, 0.21674573421478271, -0.13073372840881348, 0.7023513317108154], [0.2087416648864746, -0.9752970933914185, -0.07226274907588959, -0.7513117790222168], [-0.14316627383232117, 0.04261979088187218, -0.9887807965278625, 4.076655387878418], [0.0, 0.0, 0.0, 1.0]]}, {"file_path": "./train/r_54", "transform_matrix": [[0.9549419283866882, 0.2674632966518402, -0.1286415308713913, 0.7394413948059082], [0.2591331899166107, -0.9626913070678711, -0.07794386148452759, -0.7189214825630188], [-0.1446886956691742, 0.041096363216638565, -0.9886236786842346, 4.078317165374756], [0.0, 0.0, 0.0, 1.0]]}, {"file_path": "./train/r_55", "transform_matrix": [[0.9398410320281982, 0.3166402578353882, -0.12820462882518768, 0.782812237739563], [0.30776283144950867, -0.9477038383483887, -0.08449848741292953, -0.6805233955383301], [-0.14825475215911865, 0.039958566427230835, -0.9881418347358704, 4.08046293258667], [0.0, 0.0, 0.0, 1.0]]}, {"file_path": "./train/r_56", "transform_matrix": [[0.9225229620933533, 0.365022212266922, -0.12533816695213318, 0.8147357106208801], [0.35569438338279724, -0.930168867111206, -0.09092100709676743, -0.6401351690292358], [-0.14977331459522247, 0.039294395595788956, -0.9879394769668579, 4.085935115814209], [0.0, 0.0, 0.0, 1.0]]}, {"file_path": "./train/r_57", "transform_matrix": [[0.9023405313491821, 0.413208931684494, -0.12263105809688568, 0.8484099507331848], [0.40345674753189087, -0.9098395109176636, -0.09702789783477783, -0.5998116135597229], [-0.15166662633419037, 0.038075875490903854, -0.9876983165740967, 4.090554237365723], [0.0, 0.0, 0.0, 1.0]]}, {"file_path": "./train/r_58", "transform_matrix": [[0.88027423620224, 0.45868930220603943, -0.12132874876260757, 0.8832869529724121], [0.44836413860321045, -0.8878383636474609, -0.10350431501865387, -0.554997444152832], [-0.15519550442695618, 0.0367128886282444, -0.9872015714645386, 4.0920000076293945], [0.0, 0.0, 0.0, 1.0]]}, {"file_path": "./train/r_59", "transform_matrix": [[0.8551481366157532, 0.5043867230415344, -0.11964662373065948, 0.9177895784378052], [0.4934525787830353, -0.8627589344978333, -0.11023557186126709, -0.5062752366065979], [-0.1588267832994461, 0.03522767499089241, -0.9866780638694763, 4.091495513916016], [0.0, 0.0, 0.0, 1.0]]}, {"file_path": "./train/r_60", "transform_matrix": [[0.8278306126594543, 0.5489538908004761, -0.11552532017230988, 0.9390149116516113], [0.5375573635101318, -0.8351492881774902, -0.11643868684768677, -0.456730455160141], [-0.16039934754371643, 0.03428997844457626, -0.9864566326141357, 4.08732795715332], [0.0, 0.0, 0.0, 1.0]]}, {"file_path": "./train/r_61", "transform_matrix": [[0.7990050315856934, 0.5912162661552429, -0.10978711396455765, 0.9529246091842651], [0.5794051885604858, -0.8057852983474731, -0.12247208505868912, -0.4065566062927246], [-0.16087165474891663, 0.034244515001773834, -0.9863813519477844, 4.089169502258301], [0.0, 0.0, 0.0, 1.0]]}, {"file_path": "./train/r_62", "transform_matrix": [[0.7684542536735535, 0.6317992806434631, -0.10152585804462433, 0.9549822807312012], [0.6196970343589783, -0.7743179202079773, -0.12808986008167267, -0.3575284481048584], [-0.1595390886068344, 0.03551607206463814, -0.9865527749061584, 4.097568035125732], [0.0, 0.0, 0.0, 1.0]]}, {"file_path": "./train/r_63", "transform_matrix": [[0.7347047924995422, 0.6713582873344421, -0.09740042686462402, 0.973693311214447], [0.6586843132972717, -0.7403272986412048, -0.1343502253293991, -0.301702618598938], [-0.1623045802116394, 0.03455142304301262, -0.9861358404159546, 4.092015743255615], [0.0, 0.0, 0.0, 1.0]]}, {"file_path": "./train/r_64", "transform_matrix": [[0.6987598538398743, 0.7092869877815247, -0.09298418462276459, 0.9891753196716309], [0.6961625218391418, -0.7041509747505188, -0.13974520564079285, -0.2471727728843689], [-0.1645936816930771, 0.032915983349084854, -0.9858123064041138, 4.085752964019775], [0.0, 0.0, 0.0, 1.0]]}, {"file_path": "./train/r_65", "transform_matrix": [[0.6616499423980713, 0.7448682188987732, -0.08597123622894287, 0.9918365478515625], [0.7313957214355469, -0.6663987636566162, -0.1448209285736084, -0.19324129819869995], [-0.16516242921352386, 0.032942064106464386, -0.9857163429260254, 4.086999893188477], [0.0, 0.0, 0.0, 1.0]]}, {"file_path": "./train/r_66", "transform_matrix": [[0.6218793988227844, 0.778775155544281, -0.08230375498533249, 1.0065864324569702], [0.765055775642395, -0.6266154646873474, -0.14846941828727722, -0.14362293481826782], [-0.16719645261764526, 0.029362842440605164, -0.9854864478111267, 4.082218170166016], [0.0, 0.0, 0.0, 1.0]]}, {"file_path": "./train/r_67", "transform_matrix": [[0.5807717442512512, 0.8103430271148682, -0.07777094095945358, 1.0152268409729004], [0.7961121797561646, -0.5853192806243896, -0.1536460518836975, -0.08573687076568604], [-0.17002563178539276, 0.027319274842739105, -0.9850611686706543, 4.075145244598389], [0.0, 0.0, 0.0, 1.0]]}, {"file_path": "./train/r_68", "transform_matrix": [[0.5377344489097595, 0.840082585811615, -0.07143279165029526, 1.015252947807312], [0.825650155544281, -0.5418570637702942, -0.1571340262889862, -0.03278571367263794], [-0.17071108520030975, 0.025517594069242477, -0.9849908947944641, 4.0719757080078125], [0.0, 0.0, 0.0, 1.0]]}, {"file_path": "./train/r_69", "transform_matrix": [[0.4483453631401062, 0.8917813897132874, -0.060927681624889374, 1.018297553062439], [0.8772567510604858, -0.4520705044269562, -0.16140617430210114, 0.06433874368667603], [-0.17148162424564362, 0.018916670233011246, -0.9850059747695923, 4.06124210357666], [0.0, 0.0, 0.0, 1.0]]}, {"file_path": "./train/r_70", "transform_matrix": [[0.40052559971809387, 0.9145239591598511, -0.05679916590452194, 1.0211894512176514], [0.8997362852096558, -0.40426358580589294, -0.16445188224315643, 0.11957734823226929], [-0.17335641384124756, 0.014762908220291138, -0.9847487807273865, 4.054287433624268], [0.0, 0.0, 0.0, 1.0]]}, {"file_path": "./train/r_71", "transform_matrix": [[0.3533923327922821, 0.9341181516647339, -0.050366226583719254, 1.011462688446045], [0.9194276332855225, -0.35675692558288574, -0.16546164453029633, 0.1669723391532898], [-0.17252808809280396, 0.012164738029241562, -0.9849296808242798, 4.04998779296875], [0.0, 0.0, 0.0, 1.0]]}, {"file_path": "./train/r_72", "transform_matrix": [[0.30336982011795044, 0.951728105545044, -0.04669709876179695, 1.0106806755065918], [0.9367765784263611, -0.30685678124427795, -0.16819000244140625, 0.22194543480873108], [-0.1743994653224945, 0.0072790756821632385, -0.9846483469009399, 4.040588855743408], [0.0, 0.0, 0.0, 1.0]]}, {"file_path": "./train/r_73", "transform_matrix": [[0.203083336353302, 0.9785023927688599, -0.035919517278671265, 0.9889273643493652], [0.9633646011352539, -0.20623525977134705, -0.1714496612548828, 0.3258962631225586], [-0.17517074942588806, 0.00021498650312423706, -0.9845383167266846, 4.027982234954834], [0.0, 0.0, 0.0, 1.0]]}, {"file_path": "./train/r_74", "transform_matrix": [[0.15164965391159058, 0.9879679679870605, -0.030352216213941574, 0.9739379286766052], [0.9730350971221924, -0.15461620688438416, -0.1711607128381729, 0.3707929253578186], [-0.17379352450370789, -0.003577284514904022, -0.9847759008407593, 4.021867752075195], [0.0, 0.0, 0.0, 1.0]]}, {"file_path": "./train/r_75", "transform_matrix": [[0.09969792515039444, 0.9946854114532471, -0.02572387084364891, 0.9599162340164185], [0.9797014594078064, -0.10264916718006134, -0.17218606173992157, 0.4208640456199646], [-0.17391011118888855, -0.008035179227590561, -0.9847289323806763, 4.014171600341797], [0.0, 0.0, 0.0, 1.0]]}, {"file_path": "./train/r_76", "transform_matrix": [[0.04838871583342552, 0.9986438155174255, -0.019212178885936737, 0.9373751878738403], [0.9838411808013916, -0.050973426550626755, -0.17163074016571045, 0.46377748250961304], [-0.17237645387649536, -0.010596785694360733, -0.9849743843078613, 4.011134147644043], [0.0, 0.0, 0.0, 1.0]]}, {"file_path": "./train/r_77", "transform_matrix": [[-0.003766764421015978, 0.999911367893219, -0.01278514415025711, 0.9118934273719788], [0.9850225448608398, 0.001506082247942686, -0.17241764068603516, 0.5140354037284851], [-0.1723821461200714, -0.013243112713098526, -0.9849413633346558, 4.003804683685303], [0.0, 0.0, 0.0, 1.0]]}, {"file_path": "./train/r_78", "transform_matrix": [[-0.10781604051589966, 0.9941685795783997, -0.002378702163696289, 0.8618354201316833], [0.979465126991272, 0.1058112308382988, -0.17161498963832855, 0.6023629903793335], [-0.1703614592552185, -0.020832691341638565, -0.9851616621017456, 3.986917734146118], [0.0, 0.0, 0.0, 1.0]]}, {"file_path": "./train/r_79", "transform_matrix": [[-0.15993091464042664, 0.9871117472648621, 0.005672261118888855, 0.822963535785675], [0.9727256894111633, 0.15857291221618652, -0.16928918659687042, 0.6391961574554443], [-0.16800613701343536, -0.021557115018367767, -0.9855504035949707, 3.983715772628784], [0.0, 0.0, 0.0, 1.0]]}, {"file_path": "./train/r_80", "transform_matrix": [[-0.21080666780471802, 0.9774595499038696, 0.011520043015480042, 0.7911972999572754], [0.963364839553833, 0.20973628759384155, -0.16714626550674438, 0.6764655709266663], [-0.16579431295394897, -0.024137627333402634, -0.9858651757240295, 3.9796154499053955], [0.0, 0.0, 0.0, 1.0]]}, {"file_path": "./train/r_81", "transform_matrix": [[-0.31063592433929443, 0.9502584338188171, 0.022689906880259514, 0.7206395864486694], [0.9366053342819214, 0.3100700080394745, -0.16317600011825562, 0.7483021020889282], [-0.16209383308887482, -0.029436876997351646, -0.9863364100456238, 3.9675498008728027], [0.0, 0.0, 0.0, 1.0]]}, {"file_path": "./train/r_82", "transform_matrix": [[-0.36004456877708435, 0.9324914813041687, 0.02875358797609806, 0.6791308522224426], [0.9192632436752319, 0.35985711216926575, -0.15955422818660736, 0.7778652906417847], [-0.15912960469722748, -0.031014729291200638, -0.9867706298828125, 3.9618492126464844], [0.0, 0.0, 0.0, 1.0]]}, {"file_path": "./train/r_83", "transform_matrix": [[-0.40723779797554016, 0.9126614332199097, 0.03472614288330078, 0.6374227404594421], [0.8995850086212158, 0.40739303827285767, -0.15740765631198883, 0.810876727104187], [-0.15780627727508545, -0.03286328166723251, -0.986923336982727, 3.958834409713745], [0.0, 0.0, 0.0, 1.0]]}, {"file_path": "./train/r_84", "transform_matrix": [[-0.4548596739768982, 0.8896856307983398, 0.039529621601104736, 0.5968793630599976], [0.8768961429595947, 0.455184668302536, -0.15446549654006958, 0.8402162194252014], [-0.15541785955429077, -0.035596635192632675, -0.9872074723243713, 3.95174241065979], [0.0, 0.0, 0.0, 1.0]]}, {"file_path": "./train/r_85", "transform_matrix": [[-0.5441617369651794, 0.8373274207115173, 0.05265016108751297, 0.4970451593399048], [0.8252775073051453, 0.5455141663551331, -0.14604689180850983, 0.8856501579284668], [-0.15100950002670288, -0.03602200746536255, -0.9878759980201721, 3.9452338218688965], [0.0, 0.0, 0.0, 1.0]]}, {"file_path": "./train/r_86", "transform_matrix": [[-0.5866193175315857, 0.807797372341156, 0.057800181210041046, 0.45083481073379517], [0.7960014939308167, 0.5882565379142761, -0.14260049164295197, 0.9083406925201416], [-0.1491929292678833, -0.03764321655035019, -0.9880915880203247, 3.9399826526641846], [0.0, 0.0, 0.0, 1.0]]}, {"file_path": "./train/r_87", "transform_matrix": [[-0.6280321478843689, 0.7755206227302551, 0.06436537951231003, 0.3963391184806824], [0.7640811204910278, 0.6302124261856079, -0.1378839761018753, 0.9264944791793823], [-0.14749448001384735, -0.0374150313436985, -0.9883552193641663, 3.9373817443847656], [0.0, 0.0, 0.0, 1.0]]}, {"file_path": "./train/r_88", "transform_matrix": [[-0.6674842238426208, 0.7414742708206177, 0.06841151416301727, 0.34977707266807556], [0.7303516268730164, 0.6698241233825684, -0.13387376070022583, 0.9441401958465576], [-0.14508691430091858, -0.039394401013851166, -0.9886346459388733, 3.931870698928833], [0.0, 0.0, 0.0, 1.0]]}, {"file_path": "./train/r_89", "transform_matrix": [[-0.7044439911842346, 0.7057787179946899, 0.07506400346755981, 0.2923332154750824], [0.695030927658081, 0.707391083240509, -0.12856626510620117, 0.9566055536270142], [-0.14383827149868011, -0.038396209478378296, -0.988856315612793, 3.9313910007476807], [0.0, 0.0, 0.0, 1.0]]}, {"file_path": "./train/r_90", "transform_matrix": [[-0.7737948298454285, 0.6276534199714661, 0.08539928495883942, 0.18385043740272522], [0.6176325082778931, 0.777527928352356, -0.11823857575654984, 0.9760826230049133], [-0.14061258733272552, -0.03874734044075012, -0.9893065094947815, 3.925835132598877], [0.0, 0.0, 0.0, 1.0]]}, {"file_path": "./train/r_91", "transform_matrix": [[-0.8054319620132446, 0.5859405994415283, 0.08917444199323654, 0.131820946931839], [0.5763183832168579, 0.8093883991241455, -0.11290521919727325, 0.9820193648338318], [-0.13833141326904297, -0.03954426944255829, -0.9895964860916138, 3.922775983810425], [0.0, 0.0, 0.0, 1.0]]}, {"file_path": "./train/r_92", "transform_matrix": [[-0.8343746662139893, 0.5432600975036621, 0.09320569038391113, 0.07855382561683655], [0.5339401364326477, 0.8385939002037048, -0.10802052170038223, 0.9877208471298218], [-0.13684411346912384, -0.0403633639216423, -0.989770233631134, 3.9209866523742676], [0.0, 0.0, 0.0, 1.0]]}, {"file_path": "./train/r_93", "transform_matrix": [[-0.8617585301399231, 0.49806076288223267, 0.0964796245098114, 0.024966299533843994], [0.4892471730709076, 0.8662012219429016, -0.10165061801671982, 0.9857611656188965], [-0.13419799506664276, -0.040395788848400116, -0.990131139755249, 3.917428493499756], [0.0, 0.0, 0.0, 1.0]]}, {"file_path": "./train/r_94", "transform_matrix": [[-0.8863822817802429, 0.4521539509296417, 0.09940896183252335, -0.02565675973892212], [0.4437634348869324, 0.8910044431686401, -0.09583768993616104, 0.9843994379043579], [-0.13190627098083496, -0.04083457216620445, -0.9904209971427917, 3.9152889251708984], [0.0, 0.0, 0.0, 1.0]]}, {"file_path": "./train/r_95", "transform_matrix": [[-0.9083676934242249, 0.40508151054382324, 0.10380661487579346, -0.08412164449691772], [0.3971215486526489, 0.9134094715118408, -0.08932241052389145, 0.9777815341949463], [-0.13100029528141022, -0.03991379588842392, -0.990578830242157, 3.9143364429473877], [0.0, 0.0, 0.0, 1.0]]}, {"file_path": "./train/r_96", "transform_matrix": [[-0.9278135299682617, 0.35731878876686096, 0.10716976225376129, -0.138604074716568], [0.34975698590278625, 0.9331374168395996, -0.0832173153758049, 0.9702621698379517], [-0.12973803281784058, -0.0397268682718277, -0.9907524585723877, 3.911550283432007], [0.0, 0.0, 0.0, 1.0]]}, {"file_path": "./train/r_97", "transform_matrix": [[-0.9451162219047546, 0.30772706866264343, 0.10981132090091705, -0.19222426414489746], [0.3006850779056549, 0.950675904750824, -0.07618360221385956, 0.9580442905426025], [-0.12783780694007874, -0.038983799517154694, -0.991028904914856, 3.9113030433654785], [0.0, 0.0, 0.0, 1.0]]}, {"file_path": "./train/r_98", "transform_matrix": [[-0.9595732688903809, 0.25717833638191223, 0.11435990780591965, -0.25313735008239746], [0.25050878524780273, 0.9656139016151428, -0.06954550743103027, 0.9446492791175842], [-0.12831169366836548, -0.03808601573109627, -0.99100261926651, 3.9104692935943604], [0.0, 0.0, 0.0, 1.0]]}, {"file_path": "./train/r_99", "transform_matrix": [[-0.971473753452301, 0.20639686286449432, 0.11678323894739151, -0.30691996216773987], [0.20021416246891022, 0.977754533290863, -0.06253180652856827, 0.9274494647979736], [-0.127090722322464, -0.037366341799497604, -0.991187334060669, 3.9094510078430176], [0.0, 0.0, 0.0, 1.0]]}, {"file_path": "./train/r_100", "transform_matrix": [[-0.9804519414901733, 0.155668705701828, 0.1203354150056839, -0.36375826597213745], [0.14977629482746124, 0.9870980978012085, -0.05660463124513626, 0.9116213917732239], [-0.12759371101856232, -0.03747471794486046, -0.9911186099052429, 3.9051694869995117], [0.0, 0.0, 0.0, 1.0]]}, {"file_path": "./train/r_101", "transform_matrix": [[-0.9870612025260925, 0.10314784198999405, 0.1227608472108841, -0.4182330369949341], [0.09793001413345337, 0.9940439462661743, -0.047820478677749634, 0.8838697671890259], [-0.126960888504982, -0.0351797491312027, -0.9912840127944946, 3.9057300090789795], [0.0, 0.0, 0.0, 1.0]]}, {"file_path": "./train/r_102", "transform_matrix": [[-0.9909095764160156, 0.050943754613399506, 0.12450587749481201, -0.4702916741371155], [0.04615607485175133, 0.9980907440185547, -0.04104167968034744, 0.8602561950683594], [-0.12635821104049683, -0.03492191433906555, -0.9913700819015503, 3.9054250717163086], [0.0, 0.0, 0.0, 1.0]]}, {"file_path": "./train/r_103", "transform_matrix": [[-0.9918708205223083, -0.001848449232056737, 0.12723268568515778, -0.5246557593345642], [-0.006238110829144716, 0.9993987679481506, -0.03411128371953964, 0.8340225219726562], [-0.12709222733974457, -0.03462769091129303, -0.99128657579422, 3.9020066261291504], [0.0, 0.0, 0.0, 1.0]]}, {"file_path": "./train/r_104", "transform_matrix": [[-0.99718177318573, -0.0042356769554317, 0.07489917427301407, -0.317242830991745], [-0.006805966142565012, 0.9993955492973328, -0.034094877541065216, 0.8339847326278687], [-0.07470861822366714, -0.034508541226387024, -0.9966081380844116, 3.929103136062622], [0.0, 0.0, 0.0, 1.0]]}, {"file_path": "./train/r_105", "transform_matrix": [[-0.9997286796569824, -0.006863120943307877, 0.022252298891544342, -0.10470513254404068], [-0.007658028043806553, 0.9993285536766052, -0.03583656996488571, 0.8407872319221497], [-0.021990567445755005, -0.03599724918603897, -0.9991101026535034, 3.9426236152648926], [0.0, 0.0, 0.0, 1.0]]}, {"file_path": "./train/r_106", "transform_matrix": [[-0.9996770024299622, -0.00900660827755928, -0.023745430633425713, 0.08268754184246063], [-0.008136150427162647, 0.9993005990982056, -0.036503084003925323, 0.8433540463447571], [0.024058368057012558, -0.03629809617996216, -0.9990517497062683, 3.9484074115753174], [0.0, 0.0, 0.0, 1.0]]}, {"file_path": "./train/r_107", "transform_matrix": [[-0.9973229765892029, -0.010930510237812996, -0.07229577004909515, 0.28040605783462524], [-0.008212155662477016, 0.9992520809173584, -0.03779130429029465, 0.8474597930908203], [0.07265546172857285, -0.03709643334150314, -0.996667206287384, 3.9401304721832275], [0.0, 0.0, 0.0, 1.0]]}, {"file_path": "./train/r_108", "transform_matrix": [[-0.9922724366188049, -0.013263430446386337, -0.12336142361164093, 0.4861961901187897], [-0.008385210298001766, 0.9991654753684998, -0.03997940570116043, 0.8561674356460571], [0.12378980964422226, -0.03863602876663208, -0.9915561079978943, 3.9197070598602295], [0.0, 0.0, 0.0, 1.0]]}, {"file_path": "./train/r_109", "transform_matrix": [[-0.9847297668457031, -0.015266413800418377, -0.1734163910150528, 0.685070276260376], [-0.007904591038823128, 0.9990411996841431, -0.0430632084608078, 0.8666039109230042], [0.17390847206115723, -0.04103481397032738, -0.9839072823524475, 3.8859238624572754], [0.0, 0.0, 0.0, 1.0]]}, {"file_path": "./train/r_110", "transform_matrix": [[-0.9744420051574707, -0.01707797311246395, -0.2239868938922882, 0.884726881980896], [-0.006806312128901482, 0.9988929033279419, -0.0465501993894577, 0.8798596858978271], [0.2245343178510666, -0.04383593797683716, -0.973480224609375, 3.840595245361328], [0.0, 0.0, 0.0, 1.0]]}, {"file_path": "./train/r_111", "transform_matrix": [[-0.9614942073822021, -0.01870911754667759, -0.27418580651283264, 1.0826729536056519], [-0.005427445285022259, 0.9987783432006836, -0.049119189381599426, 0.8878199458122253], [0.27476951479911804, -0.04573972150683403, -0.9604222178459167, 3.780073642730713], [0.0, 0.0, 0.0, 1.0]]}, {"file_path": "./train/r_112", "transform_matrix": [[-0.9458470940589905, -0.02118329517543316, -0.3239191770553589, 1.2760889530181885], [-0.004243878647685051, 0.9985902905464172, -0.05291252210736275, 0.9011111259460449], [0.3245844841003418, -0.04867246747016907, -0.9446044564247131, 3.7111804485321045], [0.0, 0.0, 0.0, 1.0]]}, {"file_path": "./train/r_113", "transform_matrix": [[-0.9274364709854126, -0.02288769744336605, -0.37327906489372253, 1.468319296836853], [-0.002796425949782133, 0.9985222220420837, -0.054276637732982635, 0.905053973197937], [0.37396934628486633, -0.04929431527853012, -0.9261300563812256, 3.6316187381744385], [0.0, 0.0, 0.0, 1.0]]}, {"file_path": "./train/r_114", "transform_matrix": [[-0.90628981590271, -0.025448236614465714, -0.42188751697540283, 1.6579718589782715], [-0.002510775811970234, 0.998492419719696, -0.054835449904203415, 0.9069560766220093], [0.42264750599861145, -0.04863763228058815, -0.9049884080886841, 3.5447936058044434], [0.0, 0.0, 0.0, 1.0]]}, {"file_path": "./train/r_115", "transform_matrix": [[-0.8564935326576233, -0.02934783324599266, -0.5153218507766724, 2.0213396549224854], [-0.0004321486921980977, 0.9984228610992432, -0.05614231899380684, 0.9099938869476318], [0.5161569714546204, -0.04786284267902374, -0.855156421661377, 3.341308116912842], [0.0, 0.0, 0.0, 1.0]]}, {"file_path": "./train/r_116", "transform_matrix": [[-0.8276295065879822, -0.031927455216646194, -0.5603656768798828, 2.1948423385620117], [0.0014373431913554668, 0.9982571005821228, -0.05899965018033981, 0.9203063249588013], [0.5612731575965881, -0.04963534325361252, -0.8261414170265198, 3.2222776412963867], [0.0, 0.0, 0.0, 1.0]]}, {"file_path": "./train/r_117", "transform_matrix": [[-0.7968928813934326, -0.034009840339422226, -0.6031619310379028, 2.359668254852295], [0.0029899629298597574, 0.9981800317764282, -0.06023368611931801, 0.9236234426498413], [0.6041122674942017, -0.0498032346367836, -0.7953413724899292, 3.100397825241089], [0.0, 0.0, 0.0, 1.0]]}, {"file_path": "./train/r_118", "transform_matrix": [[-0.7636417150497437, -0.0364830456674099, -0.6446079611778259, 2.5191385746002197], [0.004996997304260731, 0.9980385303497314, -0.06240600347518921, 0.9312135577201843], [0.6456202268600464, -0.05087694525718689, -0.7619622349739075, 2.9696333408355713], [0.0, 0.0, 0.0, 1.0]]}, {"file_path": "./train/r_119", "transform_matrix": [[-0.7285299301147461, -0.03848589211702347, -0.6839302778244019, 2.6732120513916016], [0.0066439686343073845, 0.9979767203330994, -0.06323493272066116, 0.9333182573318481], [0.6849807500839233, -0.05061260238289833, -0.7268015146255493, 2.831855297088623], [0.0, 0.0, 0.0, 1.0]]}, {"file_path": "./train/r_120", "tra